{
 "cells": [
  {
   "cell_type": "markdown",
   "id": "890acbe0",
   "metadata": {},
   "source": [
    "## 2 The Data"
   ]
  },
  {
   "cell_type": "code",
   "execution_count": 363,
   "id": "dface87d",
   "metadata": {},
   "outputs": [],
   "source": [
    "\n",
    "import wrds\n",
    "import pandas as pd\n",
    "import datetime\n",
    "import numpy as np\n"
   ]
  },
  {
   "cell_type": "code",
   "execution_count": 288,
   "id": "2c9ad87f",
   "metadata": {},
   "outputs": [
    {
     "name": "stdout",
     "output_type": "stream",
     "text": [
      "WRDS recommends setting up a .pgpass file.\n",
      "Created .pgpass file successfully.\n",
      "You can create this file yourself at any time with the create_pgpass_file() function.\n",
      "Loading library list...\n",
      "Done\n"
     ]
    }
   ],
   "source": [
    "# Connect to WRDS\n",
    "db = wrds.Connection()\n",
    "db.create_pgpass_file()"
   ]
  },
  {
   "cell_type": "code",
   "execution_count": null,
   "id": "1dfe0075",
   "metadata": {},
   "outputs": [
    {
     "name": "stdout",
     "output_type": "stream",
     "text": [
      "          date  AUSTRALIA  SWITZERLAND   GERMANY    FRANCE     JAPAN  \\\n",
      "505 2002-01-31   0.003592     0.001306  0.002798  0.002798       NaN   \n",
      "506 2002-02-28   0.003717     0.001337  0.002826  0.002826       NaN   \n",
      "507 2002-03-31   0.003825     0.001217  0.002839  0.002839  0.000083   \n",
      "508 2002-04-30   0.004033     0.000970  0.002889  0.002889  0.000067   \n",
      "509 2002-05-31   0.004225     0.000958  0.002887  0.002887  0.000075   \n",
      "\n",
      "     UNITED KINGDOM  UNITED STATES  \n",
      "505        0.003377       0.001517  \n",
      "506        0.003442       0.001592  \n",
      "507        0.003478       0.001558  \n",
      "508        0.003461       0.001517  \n",
      "509        0.003481       0.001508  \n"
     ]
    }
   ],
   "source": [
    "#---------------------------------------------\n",
    "# WRDS Monthly World Indices\n",
    "#---------------------------------------------\n",
    "\n",
    "df = db.raw_sql(\"\"\"\n",
    "    SELECT * \n",
    "    FROM wrdsapps_windices.mwcountryreturns\n",
    "    WHERE date BETWEEN '2002-01-01' AND '2024-12-31'\n",
    "    AND country IN ('AUSTRALIA', 'FRANCE', 'GERMANY', 'JAPAN', 'SWITZERLAND', 'UNITED KINGDOM')\n",
    "\"\"\")\n",
    "\n",
    "df = df[[\"date\", \"country\", \"mportret\", \"currency\"]]\n",
    "\n",
    "\n",
    "#---------------------------------------------\n",
    "# Risk Free Rate \n",
    "#---------------------------------------------\n",
    "rf=db.raw_sql(\"\"\"select  mcaldt,tmytm \n",
    "           from crsp.tfz_mth_rf            \n",
    "            where kytreasnox = 2000001 \n",
    "           and mcaldt>='2002-01-01'\n",
    "            and mcaldt<='2024-12-31'\"\"\", date_cols=['mcaldt'])\n",
    "rf['tmytm']=rf['tmytm']/12/100\n",
    "rf=rf.rename(columns={ \"mcaldt\": \"date\",\"tmytm\": \"rf\"})\n",
    "\n",
    "#---------------------------------------------\n",
    "# Value Weighted Index Returns US\n",
    "#---------------------------------------------\n",
    "rm=db.raw_sql(\"\"\"select  date,vwretd from crsp.msi \n",
    "                where date>='2002-01-01' and date<='2024-12-31'\n",
    "                \"\"\",date_cols=['date'])\n",
    "rm = rm.rename(columns={'vwretd':'rm'})\n",
    "\n",
    "\n",
    "#---------------------------------------------\n",
    "# Convert date formats\n",
    "#---------------------------------------------\n",
    "rm['date'] = pd.to_datetime(rm['date'], format='%Y-%m-%d')\n",
    "rf['date'] = pd.to_datetime(rf['date'], format='%Y-%m-%d')\n",
    "rm['date'] = pd.to_datetime(rm['date']).dt.to_period('M').dt.to_timestamp()\n",
    "rf['date'] = pd.to_datetime(rf['date']).dt.to_period('M').dt.to_timestamp()\n",
    "\n",
    "#---------------------------------------------\n",
    "# FX Rates\n",
    "#---------------------------------------------\n",
    "JPUS = pd.read_csv('EXJPUS.csv', sep=',')\n",
    "SZUS = pd.read_csv('EXSZUS.csv', sep=',')\n",
    "USEU = pd.read_csv('EXUSEU.csv', sep=',')\n",
    "USAL = pd.read_csv('EXUSAL.csv', sep=',')\n",
    "USUK = pd.read_csv('EXUSUK.csv', sep=',')\n",
    "\n",
    "megre = pd.merge(SZUS, JPUS, on='observation_date', how='outer')\n",
    "megre = pd.merge(megre, USEU, on='observation_date', how='outer')\n",
    "megre = pd.merge(megre, USAL, on='observation_date', how='outer')\n",
    "fx = pd.merge(megre, USUK, on='observation_date', how='outer')\n",
    "fx = fx[(fx['observation_date'] >= '2002-02-01') & (fx['observation_date'] <= '2025-01-31')]\n",
    "fx['EXSZUS'] = 1/fx['EXSZUS']\n",
    "fx['EXJPUS'] = 1/fx['EXJPUS']\n",
    "fx = fx.rename(columns={\n",
    "    'observation_date': 'date',\n",
    "    'EXSZUS': 'CHF',\n",
    "    'EXJPUS': 'JPY',\n",
    "    'EXUSEU': 'EUR',\n",
    "    'EXUSAL': 'AUD',\n",
    "    'EXUSUK': 'GBP'\n",
    "})\n",
    "\n",
    "fx['date'] = pd.to_datetime(fx['date'], format='%Y-%m-%d')\n",
    "fx['date'] += datetime.timedelta(days=-1) # Adjusting to the last day of the month\n",
    "\n",
    "# ---------------------------------------------\n",
    "# Interbank Rates 3M\n",
    "# ---------------------------------------------\n",
    "rate_au = pd.read_csv(\"IR3TIB01AUM156N.csv\", sep=',')\n",
    "rate_ch = pd.read_csv(\"IR3TIB01CHM156N.csv\", sep=',')\n",
    "rate_de = pd.read_csv(\"IR3TIB01EZM156N.csv\", sep=',')\n",
    "rate_fr = pd.read_csv(\"IR3TIB01EZM156N.csv\", sep=',')\n",
    "rate_jp = pd.read_csv(\"IR3TIB01JPM156N.csv\", sep=',')\n",
    "rate_uk = pd.read_csv(\"IR3TIB01GBM156N.csv\", sep=',')\n",
    "rate_us = pd.read_csv(\"IR3TIB01USM156N.csv\", sep=',')\n",
    "\n",
    "rates = pd.merge(rate_au, rate_ch, on='observation_date', how='outer')\n",
    "rates = pd.merge(rates, rate_de, on='observation_date', how='outer')\n",
    "rates = pd.merge(rates, rate_fr, on='observation_date', how='outer')\n",
    "rates = pd.merge(rates, rate_jp, on='observation_date', how='outer')\n",
    "rates = pd.merge(rates, rate_uk, on='observation_date', how='outer')\n",
    "rates = pd.merge(rates, rate_us, on='observation_date', how='outer')\n",
    "rates = rates[(rates['observation_date'] >= '2002-02-01') & (rates['observation_date'] <= '2025-01-31')]\n",
    "rates = rates.rename(columns={\n",
    "    'observation_date': 'date',\n",
    "    'IR3TIB01AUM156N': 'AUSTRALIA',\n",
    "    'IR3TIB01CHM156N': 'SWITZERLAND',\n",
    "    'IR3TIB01DEM156N': 'GERMANY',\n",
    "    'IR3TIB01FRM156N': 'FRANCE',\n",
    "    'IR3TIB01JPM156N': 'JAPAN',\n",
    "    'IR3TIB01GBM156N': 'UNITED KINGDOM',\n",
    "    'IR3TIB01USM156N': 'UNITED STATES'\n",
    "})\n",
    "#divide by 100 to get the rates in percentage\n",
    "rates[['AUSTRALIA', 'SWITZERLAND', 'GERMANY', 'FRANCE', 'JAPAN', 'UNITED KINGDOM', 'UNITED STATES']] = rates[['AUSTRALIA', 'SWITZERLAND', 'GERMANY', 'FRANCE', 'JAPAN', 'UNITED KINGDOM', 'UNITED STATES']] / 100 /12\n",
    "\n",
    "rates['date'] = pd.to_datetime(rates['date'], format='%Y-%m-%d')\n",
    "rates['date'] += datetime.timedelta(days=-1)\n",
    "print(rates.head())\n",
    "#For Japan we miss 3 observations (for Japan we consider from 04/2002 - based on ED)\n",
    "\n",
    "#---------------------------------------------\n",
    "# Adjusting the dates\n",
    "#---------------------------------------------\n",
    "df['date'] = pd.to_datetime(df['date']).dt.to_period('M').dt.to_timestamp()\n",
    "fx['date'] = pd.to_datetime(fx['date']).dt.to_period('M').dt.to_timestamp()\n",
    "rates['date'] = pd.to_datetime(rates['date']).dt.to_period('M').dt.to_timestamp()"
   ]
  },
  {
   "cell_type": "code",
   "execution_count": 312,
   "id": "6a791264",
   "metadata": {},
   "outputs": [],
   "source": [
    "df['date'] = pd.to_datetime(df['date'], format='%Y-%m-%d')\n",
    "fx['date'] = pd.to_datetime(fx['date'], format='%Y-%m-%d')\n",
    "rates['date'] = pd.to_datetime(rates['date'], format='%Y-%m-%d')\n",
    "\n",
    "df = pd.merge(df, fx, on='date',  how='left')\n",
    "df['fx'] = df.apply(lambda row: row[row['currency']], axis=1)\n",
    "df = df.drop(columns=['CHF', 'JPY', 'EUR', 'AUD', 'GBP'])\n",
    "\n",
    "df = pd.merge(df, rf, on='date', how='left')\n",
    "df = pd.merge(df, rm, on='date', how='left')"
   ]
  },
  {
   "cell_type": "code",
   "execution_count": 313,
   "id": "9dd11eef",
   "metadata": {},
   "outputs": [],
   "source": [
    "df = pd.merge(df, rates, on='date',  how='left')\n",
    "df['rates'] = df.apply(lambda row: row[row['country']], axis=1)\n",
    "df = df.drop(columns=['AUSTRALIA', 'SWITZERLAND', 'GERMANY', 'FRANCE', 'JAPAN', 'UNITED KINGDOM', 'UNITED STATES'])"
   ]
  },
  {
   "cell_type": "markdown",
   "id": "aa0a2d03",
   "metadata": {},
   "source": [
    "## EX 3 A"
   ]
  },
  {
   "cell_type": "code",
   "execution_count": 362,
   "id": "d5244117",
   "metadata": {},
   "outputs": [
    {
     "data": {
      "text/html": [
       "<div>\n",
       "<style scoped>\n",
       "    .dataframe tbody tr th:only-of-type {\n",
       "        vertical-align: middle;\n",
       "    }\n",
       "\n",
       "    .dataframe tbody tr th {\n",
       "        vertical-align: top;\n",
       "    }\n",
       "\n",
       "    .dataframe thead th {\n",
       "        text-align: right;\n",
       "    }\n",
       "</style>\n",
       "<table border=\"1\" class=\"dataframe\">\n",
       "  <thead>\n",
       "    <tr style=\"text-align: right;\">\n",
       "      <th></th>\n",
       "      <th>date</th>\n",
       "      <th>country</th>\n",
       "      <th>mportret</th>\n",
       "      <th>currency</th>\n",
       "      <th>fx</th>\n",
       "      <th>rf</th>\n",
       "      <th>rm</th>\n",
       "      <th>rates</th>\n",
       "      <th>fx_t+1</th>\n",
       "      <th>returns_USD</th>\n",
       "      <th>X</th>\n",
       "      <th>hedged_return</th>\n",
       "      <th>rates_USD</th>\n",
       "    </tr>\n",
       "  </thead>\n",
       "  <tbody>\n",
       "    <tr>\n",
       "      <th>0</th>\n",
       "      <td>2002-01-01</td>\n",
       "      <td>AUSTRALIA</td>\n",
       "      <td>0.027358</td>\n",
       "      <td>AUD</td>\n",
       "      <td>0.5128</td>\n",
       "      <td>0.001408</td>\n",
       "      <td>-0.015966</td>\n",
       "      <td>0.003592</td>\n",
       "      <td>0.5256</td>\n",
       "      <td>0.053002</td>\n",
       "      <td>0.027234</td>\n",
       "      <td>0.025767</td>\n",
       "      <td>0.028642</td>\n",
       "    </tr>\n",
       "    <tr>\n",
       "      <th>1</th>\n",
       "      <td>2002-02-01</td>\n",
       "      <td>AUSTRALIA</td>\n",
       "      <td>-0.001832</td>\n",
       "      <td>AUD</td>\n",
       "      <td>0.5256</td>\n",
       "      <td>0.001444</td>\n",
       "      <td>-0.0217</td>\n",
       "      <td>0.003717</td>\n",
       "      <td>0.5352</td>\n",
       "      <td>0.016399</td>\n",
       "      <td>0.020606</td>\n",
       "      <td>-0.004206</td>\n",
       "      <td>0.022049</td>\n",
       "    </tr>\n",
       "    <tr>\n",
       "      <th>2</th>\n",
       "      <td>2002-03-01</td>\n",
       "      <td>AUSTRALIA</td>\n",
       "      <td>0.005199</td>\n",
       "      <td>AUD</td>\n",
       "      <td>0.5352</td>\n",
       "      <td>0.001425</td>\n",
       "      <td>0.044698</td>\n",
       "      <td>0.003825</td>\n",
       "      <td>0.5498</td>\n",
       "      <td>0.03262</td>\n",
       "      <td>0.029784</td>\n",
       "      <td>0.002836</td>\n",
       "      <td>0.031209</td>\n",
       "    </tr>\n",
       "    <tr>\n",
       "      <th>3</th>\n",
       "      <td>2002-04-01</td>\n",
       "      <td>AUSTRALIA</td>\n",
       "      <td>-0.014302</td>\n",
       "      <td>AUD</td>\n",
       "      <td>0.5498</td>\n",
       "      <td>0.001461</td>\n",
       "      <td>-0.0496</td>\n",
       "      <td>0.004033</td>\n",
       "      <td>0.5682</td>\n",
       "      <td>0.018686</td>\n",
       "      <td>0.036174</td>\n",
       "      <td>-0.017488</td>\n",
       "      <td>0.037635</td>\n",
       "    </tr>\n",
       "    <tr>\n",
       "      <th>4</th>\n",
       "      <td>2002-05-01</td>\n",
       "      <td>AUSTRALIA</td>\n",
       "      <td>-0.000204</td>\n",
       "      <td>AUD</td>\n",
       "      <td>0.5682</td>\n",
       "      <td>0.001408</td>\n",
       "      <td>-0.01051</td>\n",
       "      <td>0.004225</td>\n",
       "      <td>0.5538</td>\n",
       "      <td>-0.025542</td>\n",
       "      <td>-0.022633</td>\n",
       "      <td>-0.002909</td>\n",
       "      <td>-0.021225</td>\n",
       "    </tr>\n",
       "  </tbody>\n",
       "</table>\n",
       "</div>"
      ],
      "text/plain": [
       "        date    country  mportret currency      fx        rf        rm  \\\n",
       "0 2002-01-01  AUSTRALIA  0.027358      AUD  0.5128  0.001408 -0.015966   \n",
       "1 2002-02-01  AUSTRALIA -0.001832      AUD  0.5256  0.001444   -0.0217   \n",
       "2 2002-03-01  AUSTRALIA  0.005199      AUD  0.5352  0.001425  0.044698   \n",
       "3 2002-04-01  AUSTRALIA -0.014302      AUD  0.5498  0.001461   -0.0496   \n",
       "4 2002-05-01  AUSTRALIA -0.000204      AUD  0.5682  0.001408  -0.01051   \n",
       "\n",
       "      rates  fx_t+1  returns_USD         X  hedged_return  rates_USD  \n",
       "0  0.003592  0.5256     0.053002  0.027234       0.025767   0.028642  \n",
       "1  0.003717  0.5352     0.016399  0.020606      -0.004206   0.022049  \n",
       "2  0.003825  0.5498      0.03262  0.029784       0.002836   0.031209  \n",
       "3  0.004033  0.5682     0.018686  0.036174      -0.017488   0.037635  \n",
       "4  0.004225  0.5538    -0.025542 -0.022633      -0.002909  -0.021225  "
      ]
     },
     "metadata": {},
     "output_type": "display_data"
    }
   ],
   "source": [
    "df['fx_t+1'] = df['fx'].shift(-1)\n",
    "df['returns_USD'] = (1 + df['mportret']) * (1 + (df['fx_t+1'] - df['fx'])/df['fx']) - 1\n",
    "df['rates_USD'] = (1 + df['rates']) * (1 + (df['fx_t+1'] - df['fx'])/df['fx']) - 1\n",
    "display(df.head())"
   ]
  },
  {
   "cell_type": "markdown",
   "id": "d31b06f0",
   "metadata": {},
   "source": [
    "## 3 B"
   ]
  },
  {
   "cell_type": "code",
   "execution_count": 315,
   "id": "8f7b7a01",
   "metadata": {},
   "outputs": [
    {
     "data": {
      "text/html": [
       "<div>\n",
       "<style scoped>\n",
       "    .dataframe tbody tr th:only-of-type {\n",
       "        vertical-align: middle;\n",
       "    }\n",
       "\n",
       "    .dataframe tbody tr th {\n",
       "        vertical-align: top;\n",
       "    }\n",
       "\n",
       "    .dataframe thead th {\n",
       "        text-align: right;\n",
       "    }\n",
       "</style>\n",
       "<table border=\"1\" class=\"dataframe\">\n",
       "  <thead>\n",
       "    <tr style=\"text-align: right;\">\n",
       "      <th></th>\n",
       "      <th>date</th>\n",
       "      <th>country</th>\n",
       "      <th>mportret</th>\n",
       "      <th>currency</th>\n",
       "      <th>fx</th>\n",
       "      <th>rf</th>\n",
       "      <th>rm</th>\n",
       "      <th>rates</th>\n",
       "      <th>fx_t+1</th>\n",
       "      <th>returns_USD</th>\n",
       "      <th>X</th>\n",
       "      <th>hedged_return</th>\n",
       "    </tr>\n",
       "  </thead>\n",
       "  <tbody>\n",
       "    <tr>\n",
       "      <th>0</th>\n",
       "      <td>2002-01-01</td>\n",
       "      <td>AUSTRALIA</td>\n",
       "      <td>0.027358</td>\n",
       "      <td>AUD</td>\n",
       "      <td>0.5128</td>\n",
       "      <td>0.001408</td>\n",
       "      <td>-0.015966</td>\n",
       "      <td>0.003592</td>\n",
       "      <td>0.5256</td>\n",
       "      <td>0.053002</td>\n",
       "      <td>0.027234</td>\n",
       "      <td>0.025767</td>\n",
       "    </tr>\n",
       "    <tr>\n",
       "      <th>1</th>\n",
       "      <td>2002-02-01</td>\n",
       "      <td>AUSTRALIA</td>\n",
       "      <td>-0.001832</td>\n",
       "      <td>AUD</td>\n",
       "      <td>0.5256</td>\n",
       "      <td>0.001444</td>\n",
       "      <td>-0.0217</td>\n",
       "      <td>0.003717</td>\n",
       "      <td>0.5352</td>\n",
       "      <td>0.016399</td>\n",
       "      <td>0.020606</td>\n",
       "      <td>-0.004206</td>\n",
       "    </tr>\n",
       "    <tr>\n",
       "      <th>2</th>\n",
       "      <td>2002-03-01</td>\n",
       "      <td>AUSTRALIA</td>\n",
       "      <td>0.005199</td>\n",
       "      <td>AUD</td>\n",
       "      <td>0.5352</td>\n",
       "      <td>0.001425</td>\n",
       "      <td>0.044698</td>\n",
       "      <td>0.003825</td>\n",
       "      <td>0.5498</td>\n",
       "      <td>0.03262</td>\n",
       "      <td>0.029784</td>\n",
       "      <td>0.002836</td>\n",
       "    </tr>\n",
       "    <tr>\n",
       "      <th>3</th>\n",
       "      <td>2002-04-01</td>\n",
       "      <td>AUSTRALIA</td>\n",
       "      <td>-0.014302</td>\n",
       "      <td>AUD</td>\n",
       "      <td>0.5498</td>\n",
       "      <td>0.001461</td>\n",
       "      <td>-0.0496</td>\n",
       "      <td>0.004033</td>\n",
       "      <td>0.5682</td>\n",
       "      <td>0.018686</td>\n",
       "      <td>0.036174</td>\n",
       "      <td>-0.017488</td>\n",
       "    </tr>\n",
       "    <tr>\n",
       "      <th>4</th>\n",
       "      <td>2002-05-01</td>\n",
       "      <td>AUSTRALIA</td>\n",
       "      <td>-0.000204</td>\n",
       "      <td>AUD</td>\n",
       "      <td>0.5682</td>\n",
       "      <td>0.001408</td>\n",
       "      <td>-0.01051</td>\n",
       "      <td>0.004225</td>\n",
       "      <td>0.5538</td>\n",
       "      <td>-0.025542</td>\n",
       "      <td>-0.022633</td>\n",
       "      <td>-0.002909</td>\n",
       "    </tr>\n",
       "  </tbody>\n",
       "</table>\n",
       "</div>"
      ],
      "text/plain": [
       "        date    country  mportret currency      fx        rf        rm  \\\n",
       "0 2002-01-01  AUSTRALIA  0.027358      AUD  0.5128  0.001408 -0.015966   \n",
       "1 2002-02-01  AUSTRALIA -0.001832      AUD  0.5256  0.001444   -0.0217   \n",
       "2 2002-03-01  AUSTRALIA  0.005199      AUD  0.5352  0.001425  0.044698   \n",
       "3 2002-04-01  AUSTRALIA -0.014302      AUD  0.5498  0.001461   -0.0496   \n",
       "4 2002-05-01  AUSTRALIA -0.000204      AUD  0.5682  0.001408  -0.01051   \n",
       "\n",
       "      rates  fx_t+1  returns_USD         X  hedged_return  \n",
       "0  0.003592  0.5256     0.053002  0.027234       0.025767  \n",
       "1  0.003717  0.5352     0.016399  0.020606      -0.004206  \n",
       "2  0.003825  0.5498      0.03262  0.029784       0.002836  \n",
       "3  0.004033  0.5682     0.018686  0.036174      -0.017488  \n",
       "4  0.004225  0.5538    -0.025542 -0.022633      -0.002909  "
      ]
     },
     "metadata": {},
     "output_type": "display_data"
    }
   ],
   "source": [
    "# Calculate currency-hedged component\n",
    "df['X'] = (df['fx_t+1'] / df['fx']) * (1 + df['rates']) - (1 + df['rf'])\n",
    "\n",
    "# Calculate hedged index return\n",
    "df['hedged_return'] = df['returns_USD'] - df['X']\n",
    "display(df.head())"
   ]
  },
  {
   "cell_type": "markdown",
   "id": "e404f187",
   "metadata": {},
   "source": [
    "## 3C"
   ]
  },
  {
   "cell_type": "code",
   "execution_count": null,
   "id": "87b5598d",
   "metadata": {},
   "outputs": [
    {
     "name": "stdout",
     "output_type": "stream",
     "text": [
      "(6,)\n",
      "[[ 23.33841092 -17.08476301  11.04042031 -52.6892356  -20.92779216\n",
      "  -13.55244732]\n",
      " [-17.08476301  12.5068124   -8.08208259  38.57088242  15.32008201\n",
      "    9.92099897]\n",
      " [ 11.04042031  -8.08208259   5.22275836 -24.92506063  -9.900058\n",
      "   -6.41109265]\n",
      " [-52.6892356   38.57088242 -24.92506063 118.95220966  47.24697733\n",
      "   30.59626006]\n",
      " [-20.92779216  15.32008201  -9.900058    47.24697733  18.76616562\n",
      "   12.15261835]\n",
      " [-13.55244732   9.92099897  -6.41109265  30.59626006  12.15261835\n",
      "    7.86980866]]\n",
      "(6,)\n",
      "[[ 158.66805711   64.826479    221.68196435 -201.49363783   15.65435375\n",
      "     3.4825902 ]\n",
      " [  64.826479     51.01896789  110.44769627  -61.07921677   27.80495353\n",
      "    14.38488844]\n",
      " [ 221.68196435  110.44769627  325.8241366  -264.30395291   39.21630856\n",
      "    15.36706762]\n",
      " [-201.49363783  -61.07921677 -264.30395291  274.27468305   -1.34036262\n",
      "     6.80188953]\n",
      " [  15.65435375   27.80495353   39.21630856   -1.34036262   20.22744394\n",
      "    11.65509034]\n",
      " [   3.4825902    14.38488844   15.36706762    6.80188953   11.65509034\n",
      "     6.92491713]]\n",
      "(6,)\n",
      "[[  9150.31697304  -8548.89751806   1221.06375438   2726.50274219\n",
      "   13334.44037512 -10620.33199391]\n",
      " [ -8548.89751806   8273.81285578   -874.10203366  -2832.50211768\n",
      "  -12702.16171123  10166.26995065]\n",
      " [  1221.06375438   -874.10203366    411.53974115     89.59482754\n",
      "    1544.00968039  -1188.78779175]\n",
      " [  2726.50274219  -2832.50211768     89.59482754   1236.27271072\n",
      "    4345.98998061  -3431.43336036]\n",
      " [ 13334.44037512 -12702.16171123   1544.00968039   4345.98998061\n",
      "   19760.09140538 -15706.84999567]\n",
      " [-10620.33199391  10166.26995065  -1188.78779175  -3431.43336036\n",
      "  -15706.84999567  12538.26088779]]\n",
      "(6,)\n",
      "[[  3221.87557274  -4051.90187756    318.00902103   1566.99752459\n",
      "    5869.88971286  -4374.78513042]\n",
      " [ -4051.90187756  31921.65282968 -13074.38448877  -1282.5265972\n",
      "  -34501.87349192  15944.65393314]\n",
      " [   318.00902103 -13074.38448877   6621.33503015   -569.20562408\n",
      "   13499.282575    -5173.99903479]\n",
      " [  1566.99752459  -1282.5265972    -569.20562408   1195.78573368\n",
      "    2237.22271339  -2011.12245339]\n",
      " [  5869.88971286 -34501.87349192  13499.282575     2237.22271339\n",
      "   38275.72546623 -18517.33697798]\n",
      " [ -4374.78513042  15944.65393314  -5173.99903479  -2011.12245339\n",
      "  -18517.33697798  10070.41788113]]\n",
      "(6,)\n",
      "[[  2600.37347072   3419.94615804  -3377.78838155   1153.59993319\n",
      "   -4085.23906996   2056.84751104]\n",
      " [  3419.94615804  27868.7908965  -15104.47741412   1373.83724907\n",
      "  -35197.56212233  24640.79118236]\n",
      " [ -3377.78838155 -15104.47741412   9997.7654467   -1842.16231286\n",
      "   19772.39211546 -13861.35847983]\n",
      " [  1153.59993319   1373.83724907  -1842.16231286   1125.75698726\n",
      "    -821.50105151   -598.45638983]\n",
      " [ -4085.23906996 -35197.56212233  19772.39211546   -821.5010515\n",
      "   50082.71138485 -40133.38003111]\n",
      " [  2056.84751104  24640.79118236 -13861.35847984   -598.45638983\n",
      "  -40133.38003111  36567.49410255]]\n",
      "(6,)\n",
      "[[   4907.71757363  -18373.23235414   26181.17464147   23452.13292254\n",
      "   -12777.53577708  -22339.30790179]\n",
      " [ -18373.23235414  151605.09470807 -220931.34363019 -174706.54305537\n",
      "   103149.51493283  159334.82423745]\n",
      " [  26181.17464147 -220931.34363019  332102.3696394   261983.70274069\n",
      "  -159479.22917811 -239767.65536477]\n",
      " [  23452.13292254 -174706.54305537  261983.70274068  211605.44893005\n",
      "  -126725.10295617 -194959.08185808]\n",
      " [ -12777.53577708  103149.51493284 -159479.22917812 -126725.10295618\n",
      "    81744.14622715  112482.09390146]\n",
      " [ -22339.30790179  159334.82423745 -239767.65536476 -194959.08185808\n",
      "   112482.09390146  186383.52696235]]\n",
      "(6,)\n",
      "[[ 2848.21468207   548.37403851 -2435.10961237   799.91303718\n",
      "    976.23562525 -1534.20558219]\n",
      " [  548.37403851  8915.91167715 -5786.89492169  -898.5024946\n",
      "  -1008.04720479 -1506.15922781]\n",
      " [-2435.10961237 -5786.89492169  9456.31314414  1221.15060157\n",
      "  -4012.77087485  1401.16286466]\n",
      " [  799.91303718  -898.5024946   1221.15060157  1697.45363485\n",
      "  -1231.54135308 -1038.88975764]\n",
      " [  976.23562525 -1008.04720479 -4012.77087485 -1231.54135308\n",
      "   7693.09830648 -4165.55261105]\n",
      " [-1534.20558219 -1506.15922781  1401.16286466 -1038.88975764\n",
      "  -4165.55261105  8360.48574031]]\n",
      "(6,)\n",
      "[[ 1987.28275393   -54.10076931   -15.86231106   772.54842711\n",
      "  -1222.03441502   122.7844187 ]\n",
      " [  -54.10076931  9824.01906692 -5127.6621466  -1102.91896085\n",
      "  -2407.406509    -713.83347636]\n",
      " [  -15.86231106 -5127.6621466   4767.74945427  1704.73697173\n",
      "    516.26770965 -2493.54826565]\n",
      " [  772.54842711 -1102.91896085  1704.73697173  1924.12355119\n",
      "  -1668.64189691  -977.70205766]\n",
      " [-1222.03441502 -2407.406509     516.26770965 -1668.64189691\n",
      "   4481.56881965 -1301.1768331 ]\n",
      " [  122.7844187   -713.83347636 -2493.54826565  -977.70205766\n",
      "  -1301.1768331   6778.43297748]]\n",
      "(6,)\n",
      "[[ 2080.65394793   892.39715292  -671.54304244   505.53677037\n",
      "  -1480.09264431   452.25198055]\n",
      " [  892.39715292  5190.88499205 -1749.34840464   994.69449212\n",
      "  -2060.86956063 -2734.4311315 ]\n",
      " [ -671.54304244 -1749.34840464  2607.50462891   384.85090718\n",
      "    136.80389539 -1480.80679806]\n",
      " [  505.53677037   994.69449212   384.85090718  1312.01197155\n",
      "  -2124.16894711  -363.27741005]\n",
      " [-1480.09264431 -2060.86956063   136.80389539 -2124.16894711\n",
      "   4970.2415868  -1250.4712584 ]\n",
      " [  452.25198055 -2734.4311315  -1480.80679806  -363.27741005\n",
      "  -1250.4712584   6989.31032548]]\n",
      "(6,)\n",
      "[[ 2287.89861778   836.77461364  -705.69632752   536.18118095\n",
      "  -1637.88578792   632.43212528]\n",
      " [  836.77461364  4766.93740944 -1682.11027634   940.17605889\n",
      "  -2246.78466257 -2198.19752504]\n",
      " [ -705.69632752 -1682.11027634  2828.83621699   470.75752882\n",
      "    140.74469556 -1864.95245136]\n",
      " [  536.18118095   940.17605889   470.75752882  1430.57225919\n",
      "  -2353.0844392   -265.09686978]\n",
      " [-1637.88578792 -2246.78466257   140.74469556 -2353.0844392\n",
      "   5520.63691318 -1425.56843885]\n",
      " [  632.43212528 -2198.19752504 -1864.95245136  -265.09686978\n",
      "  -1425.56843885  7060.70326528]]\n",
      "(6,)\n",
      "[[ 2044.44902809   177.55499219  -355.67515361   403.91921389\n",
      "  -1122.75911319   669.8848285 ]\n",
      " [  177.55499219  4074.95268874 -1188.67458565   741.77893198\n",
      "  -1403.43681344 -2458.58926718]\n",
      " [ -355.67515361 -1188.67458565  2737.12888468   683.38373437\n",
      "   -449.84339166 -2028.47788514]\n",
      " [  403.91921389   741.77893198   683.38373437  1500.46447115\n",
      "  -2321.16229756  -301.75806369]\n",
      " [-1122.75911319 -1403.43681344  -449.84339166 -2321.16229756\n",
      "   5096.65779392 -1531.04754577]\n",
      " [  669.8848285  -2458.58926718 -2028.47788514  -301.75806369\n",
      "  -1531.04754577  7765.36508947]]\n",
      "(6,)\n",
      "[[ 2200.18779916   329.65179744  -236.75627227   496.2731534\n",
      "  -1215.84646782   301.46165952]\n",
      " [  329.65179744  3831.73293858 -1979.45532063   558.0949063\n",
      "  -1571.56300033  -744.24262722]\n",
      " [ -236.75627227 -1979.45532063  2226.42060227   466.13550377\n",
      "   -535.84089482   -56.98510926]\n",
      " [  496.2731534    558.0949063    466.13550377  1534.1107243\n",
      "  -2548.7667494    463.79443128]\n",
      " [-1215.84646782 -1571.56300033  -535.84089482 -2548.7667494\n",
      "   5557.31204977 -1542.21274181]\n",
      " [  301.46165952  -744.24262722   -56.98510926   463.79443128\n",
      "  -1542.21274181  2351.92547912]]\n",
      "(6,)\n",
      "[[ 2358.16577466   324.03994186  -223.92531955   620.44521599\n",
      "  -1518.28480547   497.83150642]\n",
      " [  324.03994186  4107.90524094 -2101.95207957   712.59171678\n",
      "  -1964.77661951  -582.96184827]\n",
      " [ -223.92531955 -2101.95207957  2370.16797802   398.69578011\n",
      "   -322.38375703  -281.51016787]\n",
      " [  620.44521599   712.59171678   398.69578011  1391.62565843\n",
      "  -2104.67587098   -56.54337116]\n",
      " [-1518.28480547 -1964.77661951  -322.38375703 -2104.67587098\n",
      "   4426.14616886  -313.23495632]\n",
      " [  497.83150642  -582.96184827  -281.51016787   -56.54337116\n",
      "   -313.23495632  1392.03724239]]\n",
      "(6,)\n",
      "[[ 1536.59230419   735.07628106  -144.05233586   798.85416924\n",
      "  -1710.42985323   189.02454468]\n",
      " [  735.07628106  4275.25845691 -2301.0201831    717.09811659\n",
      "  -2086.90455072  -494.18253764]\n",
      " [ -144.05233586 -2301.0201831   2543.08849467   416.71327099\n",
      "   -339.88746549  -269.56174233]\n",
      " [  798.85416924   717.09811659   416.71327099  1481.64648216\n",
      "  -2256.75575384   -15.66713788]\n",
      " [-1710.42985323 -2086.90455072  -339.88746549 -2256.75575384\n",
      "   4760.95755858  -363.40794881]\n",
      " [  189.02454468  -494.18253764  -269.56174233   -15.66713788\n",
      "   -363.40794881  1378.99431009]]\n",
      "(6,)\n",
      "[[ 1646.34185974   785.36685265  -152.57030886   855.45444898\n",
      "  -1831.86339999   202.95508984]\n",
      " [  785.36685265  3883.56667262 -1907.8576954    623.31745961\n",
      "  -2003.07147023  -394.53163367]\n",
      " [ -152.57030886 -1907.8576954   2278.82706055   562.45243278\n",
      "   -550.43891184  -396.75016079]\n",
      " [  855.45444898   623.31745961   562.45243278  1557.3154854\n",
      "  -2369.50588626    11.28561986]\n",
      " [-1831.86339999 -2003.07147023  -550.43891184 -2369.50588626\n",
      "   5023.21233889  -434.45378721]\n",
      " [  202.95508984  -394.53163367  -396.75016079    11.28561986\n",
      "   -434.45378721  1451.3681515 ]]\n",
      "(6,)\n",
      "[[ 1572.66294389   609.44748376  -206.36599083   587.99459903\n",
      "  -1356.26653477   119.93433514]\n",
      " [  609.44748376  3858.38983508 -2089.33684205   261.0576755\n",
      "  -1392.77091621  -540.98750092]\n",
      " [ -206.36599083 -2089.33684205  2420.37417283   522.77935662\n",
      "   -444.98543853  -446.16185104]\n",
      " [  587.99459903   261.0576755    522.77935662  1087.12483875\n",
      "  -1470.12531498  -158.75750168]\n",
      " [-1356.26653477 -1392.77091621  -444.98543853 -1470.12531498\n",
      "   3410.4254531   -148.80667819]\n",
      " [  119.93433514  -540.98750092  -446.16185104  -158.75750168\n",
      "   -148.80667819  1497.30632793]]\n",
      "(6,)\n",
      "[[ 1670.73832097   652.02691472  -230.58883142   617.37986496\n",
      "  -1434.45995496   133.48653311]\n",
      " [  652.02691472  4006.27307237 -1984.62425081   430.38210503\n",
      "  -1616.38971481  -700.62957465]\n",
      " [ -230.58883142 -1984.62425081  1978.03145315   169.43651557\n",
      "   -128.25029661  -156.59626819]\n",
      " [  617.37986496   430.38210503   169.43651557   904.05138319\n",
      "  -1337.95637397    37.75192507]\n",
      " [-1434.45995496 -1616.38971481  -128.25029661 -1337.95637397\n",
      "   3423.5951881   -342.36186847]\n",
      " [  133.48653311  -700.62957465  -156.59626819    37.75192507\n",
      "   -342.36186847  1421.12346556]]\n",
      "(6,)\n",
      "[[ 1604.89514383   736.71538845  -339.44021507   503.55802992\n",
      "  -1306.61096176    86.70540387]\n",
      " [  736.71538845  4228.85546077 -2074.4658827    498.08487824\n",
      "  -1771.38672804  -726.41932684]\n",
      " [ -339.44021507 -2074.4658827   2039.06348713    92.2347584\n",
      "    -12.57666108  -197.52728172]\n",
      " [  503.55802992   498.08487824    92.2347584    819.88474416\n",
      "  -1222.5131503    -10.00575719]\n",
      " [-1306.61096176 -1771.38672804   -12.57666108 -1222.5131503\n",
      "   3350.54600607  -291.85352475]\n",
      " [   86.70540387  -726.41932684  -197.52728172   -10.00575719\n",
      "   -291.85352475  1486.53251153]]\n",
      "(6,)\n",
      "[[ 1258.42364025   163.26405015   -70.93948946   210.70875857\n",
      "   -793.99919293    80.38021696]\n",
      " [  163.26405015  3597.32097802 -1784.44721043    73.29150903\n",
      "  -1044.4774453   -782.4899319 ]\n",
      " [  -70.93948946 -1784.44721043  1962.79294325   308.98625193\n",
      "   -399.29483511  -201.15126054]\n",
      " [  210.70875857    73.29150903   308.98625193   629.16012002\n",
      "   -859.45467247   -18.76735556]\n",
      " [ -793.99919293 -1044.4774453   -399.29483511  -859.45467247\n",
      "   2750.56464209  -293.0999364 ]\n",
      " [   80.38021696  -782.4899319   -201.15126054   -18.76735556\n",
      "   -293.0999364   1568.83266857]]\n",
      "(6,)\n",
      "[[ 1.22575131e+03  2.37018862e+02 -6.69370387e+01  1.81148970e+02\n",
      "  -7.62864257e+02  8.72671428e-01]\n",
      " [ 2.37018862e+02  3.74372282e+03 -1.88346229e+03  1.03930331e+02\n",
      "  -1.14749491e+03 -7.68504212e+02]\n",
      " [-6.69370387e+01 -1.88346229e+03  2.06549274e+03  3.28428204e+02\n",
      "  -4.26014310e+02 -2.05188391e+02]\n",
      " [ 1.81148970e+02  1.03930331e+02  3.28428204e+02  6.45566896e+02\n",
      "  -8.74717432e+02 -5.41712129e+01]\n",
      " [-7.62864257e+02 -1.14749491e+03 -4.26014310e+02 -8.74717432e+02\n",
      "   2.84156289e+03 -2.46784809e+02]\n",
      " [ 8.72671428e-01 -7.68504212e+02 -2.05188391e+02 -5.41712129e+01\n",
      "  -2.46784809e+02  1.58050593e+03]]\n",
      "(6,)\n",
      "[[ 1279.61466658   247.08695136   -89.32094445   189.57899549\n",
      "   -793.47315873     9.12904973]\n",
      " [  247.08695136  3930.48082079 -1982.20697249   108.97617737\n",
      "  -1203.0603627   -804.95720793]\n",
      " [  -89.32094445 -1982.20697249  2119.95280203   343.24078451\n",
      "   -427.99564056  -194.38879448]\n",
      " [  189.57899549   108.97617737   343.24078451   677.79221676\n",
      "   -917.81657601   -56.18571116]\n",
      " [ -793.47315873 -1203.0603627   -427.99564056  -917.81657601\n",
      "   2975.99498509  -267.45859473]\n",
      " [    9.12904973  -804.95720793  -194.38879448   -56.18571116\n",
      "   -267.45859473  1650.44619397]]\n",
      "(6,)\n",
      "[[ 1329.07679383   246.36814871  -114.56079471   170.52683537\n",
      "   -794.27221551    40.25140113]\n",
      " [  246.36814871  4104.05934211 -2099.43731109    83.60641047\n",
      "  -1220.09784596  -809.89121943]\n",
      " [ -114.56079471 -2099.43731109  2182.51070469   308.21708657\n",
      "   -380.71607433  -147.50606036]\n",
      " [  170.52683537    83.60641047   308.21708657   641.3373989\n",
      "   -870.99317317    16.25277047]\n",
      " [ -794.27221551 -1220.09784596  -380.71607433  -870.99317317\n",
      "   2998.46830037  -379.13154371]\n",
      " [   40.25140113  -809.89121943  -147.50606036    16.25277047\n",
      "   -379.13154371  1646.94867057]]\n",
      "(6,)\n",
      "[[ 1354.84529132   252.67136181  -113.8523783    155.0743426\n",
      "   -763.01314021   -13.93215827]\n",
      " [  252.67136181  4289.91576424 -2194.03036559    84.12793018\n",
      "  -1266.03828495  -854.61932763]\n",
      " [ -113.8523783  -2194.03036559  2280.7055843    326.18915411\n",
      "   -409.52395508  -144.64623193]\n",
      " [  155.0743426     84.12793018   326.18915411   654.94785158\n",
      "   -865.4662048    -20.52464058]\n",
      " [ -763.01314021 -1266.03828495  -409.52395508  -865.4662048\n",
      "   3003.78216613  -287.45214275]\n",
      " [  -13.93215827  -854.61932763  -144.64623193   -20.52464058\n",
      "   -287.45214275  1631.24689103]]\n",
      "(6,)\n",
      "[[ 1117.40425398   154.98361031   -81.42567357    48.31133132\n",
      "   -392.81886353  -189.47854606]\n",
      " [  154.98361031  4436.58222303 -2275.71655039    46.16213946\n",
      "  -1173.16417208  -955.92912792]\n",
      " [  -81.42567357 -2275.71655039  2375.15254698   354.6871558\n",
      "   -478.20422677  -128.87081124]\n",
      " [   48.31133132    46.16213946   354.6871558    639.94962564\n",
      "   -748.59903112   -88.42184246]\n",
      " [ -392.81886353 -1173.16417208  -478.20422677  -748.59903112\n",
      "   2585.34204556   -61.83222868]\n",
      " [ -189.47854606  -955.92912792  -128.87081124   -88.42184246\n",
      "    -61.83222868  1598.89919475]]\n",
      "(6,)\n",
      "[[ 1160.66500742   139.27428968   -63.48695989    46.3279849\n",
      "   -401.42725809  -204.07955892]\n",
      " [  139.27428968  4472.43714956 -2227.15163928    21.22297809\n",
      "  -1169.8909239  -1040.83661056]\n",
      " [  -63.48695989 -2227.15163928  2336.13534654   395.31586238\n",
      "   -548.31865372   -90.86237934]\n",
      " [   46.3279849     21.22297809   395.31586238   661.77133767\n",
      "   -770.3880039   -100.23270183]\n",
      " [ -401.42725809 -1169.8909239   -548.31865372  -770.3880039\n",
      "   2674.8088952    -48.63032858]\n",
      " [ -204.07955892 -1040.83661056   -90.86237934  -100.23270183\n",
      "    -48.63032858  1651.88302276]]\n",
      "(6,)\n",
      "[[ 1.13961969e+03  1.74031855e+02 -6.23680980e+01  9.32249762e+01\n",
      "  -4.45144844e+02 -2.27615789e+02]\n",
      " [ 1.74031855e+02  4.63870928e+03 -2.31782021e+03  2.58709135e+00\n",
      "  -1.20472135e+03 -1.07582009e+03]\n",
      " [-6.23680980e+01 -2.31782021e+03  2.42938240e+03  4.08686209e+02\n",
      "  -5.68751642e+02 -9.36633449e+01]\n",
      " [ 9.32249762e+01  2.58709135e+00  4.08686209e+02  6.58171155e+02\n",
      "  -7.82737532e+02 -9.39790496e+01]\n",
      " [-4.45144844e+02 -1.20472135e+03 -5.68751642e+02 -7.82737532e+02\n",
      "   2.77046167e+03 -5.68778101e+01]\n",
      " [-2.27615789e+02 -1.07582009e+03 -9.36633449e+01 -9.39790496e+01\n",
      "  -5.68778101e+01  1.71445569e+03]]\n",
      "(6,)\n",
      "[[ 1027.77655279   -83.743866       6.09049357    81.06903211\n",
      "   -274.40909386  -116.33478121]\n",
      " [  -83.743866    4367.82529203 -2286.59049207   -24.05602269\n",
      "   -931.91479789  -913.27450961]\n",
      " [    6.09049357 -2286.59049207  2490.56853121   431.56986893\n",
      "   -676.13214713  -151.90149443]\n",
      " [   81.06903211   -24.05602269   431.56986893   681.89367836\n",
      "   -793.84711662   -85.4558756 ]\n",
      " [ -274.40909386  -931.91479789  -676.13214713  -793.84711662\n",
      "   2650.32627406  -203.9153596 ]\n",
      " [ -116.33478121  -913.27450961  -151.90149443   -85.4558756\n",
      "   -203.9153596   1687.84101855]]\n",
      "(6,)\n",
      "[[ 1031.98657796  -206.14240811    69.88048829   102.92669419\n",
      "   -247.12386551   -96.98052989]\n",
      " [ -206.14240811  4109.23241253 -2147.29833715    41.49237495\n",
      "   -834.47352351  -863.71883377]\n",
      " [   69.88048829 -2147.29833715  2463.46922141   412.15336264\n",
      "   -771.48391894  -201.95480318]\n",
      " [  102.92669419    41.49237495   412.15336264   696.64813199\n",
      "   -844.10485988  -101.79938   ]\n",
      " [ -247.12386551  -834.47352351  -771.48391894  -844.10485988\n",
      "   2707.06396219  -237.64182548]\n",
